# p-values
0.35087922
0.49512941
0.35087922
0.49512941
0.35087922
0.35087922
0.49512941
0.49512941
0.49512941
0.49512941
0.49512941
0.49512941
0.49512941
0.49512941
0.49512941
0.49512941
0.49512941
0.49512941
0.35087922
0.49512941
0.35087922
0.49512941
0.49512941
0.49512941
0.49512941
0.49512941
0.49512941
0.49512941
0.49512941
0.35087922
0.49512941
0.49512941
0.49512941
0.49512941
0.49512941
0.49512941
0.49512941
0.49512941
0.49512941
0.49512941
0.49512941
0.35087922
0.49512941
0.49512941
0.49512941
0.49512941
0.35087922
0.49512941
0.49512941
0.49512941
0.49512941
0.35087922
0.49512941
0.49512941
0.49512941
0.49512941
0.49512941
0.49512941
0.49512941
0.49512941
0.49512941
0.49512941
0.12980534
0.35087922
0.35087922
0.49512941
0.49512941
0.35087922
0.49512941
0.49512941
0.49512941
0.49512941
0.49512941
0.49512941
0.49512941
1
0.49512941
0.35087922
0.49512941
0.49512941
0.49512941
0.49512941
0.49512941
0.49512941
0.49512941
0.49512941
0.35087922
0.49512941
0.49512941
0.49512941
0.49512941
0.35087922
0.49512941
0.35087922
0.49512941
0.35087922
0.99998993
0.49512941
0.35087922
1
0.49512941
0.49512941
0.49512941
0.49512941
0.49512941
0.49512941
0.49512941
0.066487797
0.99998993
0.49512941
0.35087922
0.35087922
0.49512941
0.35087922
0.49512941
0.49512941
0.35087922
0.49512941
0.49512941
0.49512941
0.49512941
0.35087922
0.49512941
0.35087922
0.35087922
0.35087922
0.49512941
0.35087922
0.01181469
0.0040163924
0.49512941
0.49512941
0.49512941
0.49512941
0.35087922
0.49512941
0.01181469
1
0.066487797
1
1
1
0.49512941
1
0.35087922
0.49512941
0.49512941
0.49512941
0.49512941
0.49512941
0.49512941
0.49512941
0.49512941
0.49512941
0.49512941
0.49512941
0.49512941
0.49512941
0.49512941
1
0.49512941
0.49512941
0.49512941
0.49512941
0.49512941
0.49512941
0.49512941
0.35087922
0.49512941
0.49512941
0.49512941
0.49512941
0.49512941
0.49512941
0.35087922
0.49512941
0.49512941
0.49512941
0.49512941
0.49512941
0.49512941
0.49512941
0.49512941
0.49512941
0.49512941
0.49512941
0.49512941
0.49512941
0.9987402
# Oops someone added a blank line

0.35087922
0.49512941
0.49512941
0.49512941
0.49512941
0.49512941
0.35087922
0.35087922
0.35087922
0.35087922
# All done
